Stirling 
S1 = -0.08106146679532733 
S2 = 0.6518064846045359 
S3 = 1.7640815435430564 
S4 = 3.1572631582441804 
S5 = 4.7708470515922246 
S6 = 6.565375083187031 
S7 = 8.513264651119522 
S8 = 10.594191637483277 
S9 = 12.792572017898756 
S10 = 15.096082009642156 
S11 = 17.494734170385932 
S12 = 19.98027165555468 
S13 = 22.54575485893542 
S14 = 25.18526981262592 
S15 = 27.89371665028893 
S16 = 30.666652450161063 
S17 = 33.50017205418846 
S18 = 36.39081605428372 
S19 = 39.335498626950255 
S20 = 42.33145014106148 
S21 = 45.37617094425826 
S22 = 48.46739373376679 
S23 = 51.60305260753968 
S24 = 54.78125737672935 
S25 = 58.000272067343786 
S26 = 61.258496790773954 
S27 = 64.55445234832374 
S28 = 67.88676707319799 
S29 = 71.25416551780566 
S30 = 74.65545867390041 
S31 = 78.08953547448678 
S32 = 81.55535537419578 
S33 = 85.05194184233177 
S34 = 88.57837663246224 
S35 = 92.13379471607885 
S36 = 95.71737978685267 
S37 = 99.32836025736307 
S38 = 102.96600568267053 
S39 = 106.6296235553257 
S40 = 110.31855642481909 
